2000 -12.0 6.0
1e-12 3.687062513080264e-07
1.020950067654648e-12 3.765410099276778e-07
1.0423390406440303e-12 3.8447176464728727e-07
1.064176114064608e-12 3.924763625207106e-07
1.086470675650722e-12 4.0087232910934745e-07
1.1092323098103958e-12 4.0873662499052443e-07
1.1324708017456451e-12 4.1730981514831456e-07
1.1561961416591345e-12 4.2628175833669957e-07
1.1804185290489363e-12 4.35032172063643e-07
1.2051483770933116e-12 4.441739545057999e-07
1.2303963171273057e-12 4.5373664292469584e-07
1.2561732032131578e-12 4.630778018821502e-07
1.2824901168064293e-12 4.728250981855809e-07
1.3093583715199414e-12 4.826757749043509e-07
1.3367895179874638e-12 4.926298320384603e-07
1.3647953488293312e-12 5.030047951493088e-07
1.3933879037220544e-12 5.13468370044734e-07
1.4225794745741998e-12 5.243750038630424e-07
1.4523826108106427e-12 5.359831476425825e-07
1.4828101247675601e-12 5.471186952377138e-07
1.5138750972004438e-12 5.583502389328032e-07
1.5455908829074799e-12 5.70010072920013e-07
1.5779711164707988e-12 5.817954402687064e-07
1.6110297181179424e-12 5.943118548401571e-07
1.6447808997061684e-12 6.066658144732173e-07
1.6792391708320856e-12 6.191305388369984e-07
1.7144193450693528e-12 6.323632320004435e-07
1.750336546336993e-12 6.454039329639727e-07
1.7870062154011632e-12 6.589024614811478e-07
1.824444116513094e-12 6.728440489212062e-07
1.862666344186168e-12 6.869333226688923e-07
1.901689330114904e-12 7.011702827242061e-07
1.9415298502389413e-12 7.158576860177845e-07
1.982205031954966e-12 7.310176854957717e-07
2.023732361479806e-12 7.460226143507498e-07
2.0661296913677088e-12 7.617955120053921e-07
2.1094152481851393e-12 7.777308645984249e-07
2.153607640346373e-12 7.938286721298482e-07
2.1987258661131963e-12 8.107239857224613e-07
2.244789321762292e-12 8.277965228842277e-07
2.2918178099236436e-12 8.450388992997659e-07
2.339831548093681e-12 8.62753871899713e-07
2.388851177326723e-12 8.806682210149575e-07
2.4388977711086035e-12 8.994022291375359e-07
2.489992844416099e-12 9.183060765138862e-07
2.542158362966216e-12 9.374240690362967e-07
2.5954167526591874e-12 9.570220420584974e-07
2.6497909092194044e-12 9.774618270341762e-07
2.7053042080382223e-12 9.977982315945155e-07
2.7619805142230267e-12 1.0186589225469334e-06
2.8198441928568304e-12 1.0397337586454114e-06
2.8789201194727473e-12 1.0616356380666048e-06
2.9392336907480284e-12 1.0840913411414022e-06
3.0008108354220206e-12 1.106458432431623e-06
3.063678025442925e-12 1.129689488621466e-06
3.127862287348013e-12 1.1534448312033874e-06
3.193391213882376e-12 1.1774807777698015e-06
3.26029297586097e-12 1.202055779359057e-06
3.3285963342792447e-12 1.2275095144786974e-06
3.398330652677408e-12 1.2532217006366864e-06
3.469525909763864e-12 1.2795024790790421e-06
3.542212712302971e-12 1.3063740027519088e-06
3.6164223082728726e-12 1.3338362716552865e-06
3.6921866002989825e-12 1.3612690032971386e-06
3.769538159368831e-12 1.3899127626615382e-06
3.848510238834385e-12 1.4188592789565746e-06
3.929136788707588e-12 1.4490389759203026e-06
4.011452470255378e-12 1.4792112885686493e-06
4.095492670900633e-12 1.5100186523397952e-06
4.1812935194351164e-12 1.5417490555336144e-06
4.268891901551223e-12 1.5741218941656143e-06
4.358325475699118e-12 1.6071445525511763e-06
4.4496326892759905e-12 1.6411271719363185e-06
4.542852795154656e-12 1.6751393285829863e-06
4.638025868558253e-12 1.7104437404213968e-06
4.7351928242885756e-12 1.7461099837134952e-06
4.8343954343152245e-12 1.7824555840206813e-06
4.93567634573345e-12 1.819805451219736e-06
5.0390790990980115e-12 1.8581595853106592e-06
5.144648147141259e-12 1.896905088116796e-06
5.252428873883228e-12 1.9366770107609454e-06
5.362467614142308e-12 1.9777781101737446e-06
5.474811673454448e-12 2.0190047429480273e-06
5.589509348409776e-12 2.0612725641910856e-06
5.7066099474152714e-12 2.104286201287664e-06
5.826163811892308e-12 2.148363179799162e-06
5.948222337918514e-12 2.1935182683563426e-06
6.072837998322796e-12 2.2394634786593315e-06
6.200064365243401e-12 2.2861766577619846e-06
6.329956133158422e-12 2.3343150097332455e-06
6.462569142399045e-12 2.3832582520810774e-06
6.597960403155146e-12 2.432999000490099e-06
6.736188119983962e-12 2.4838990864139987e-06
6.877311716832062e-12 2.5362391138372686e-06
7.021391862581798e-12 2.589132964914143e-06
7.1684904971326816e-12 2.6431935378212756e-06
7.318670858029312e-12 2.6990484993660857e-06
7.471997507647158e-12 2.7551619119492443e-06
7.628536360947726e-12 2.8127964935009686e-06
7.788354713815524e-12 2.8716494870906217e-06
7.951521271988356e-12 2.9320458025949847e-06
8.118106180593919e-12 2.9933725418374024e-06
8.288181054304977e-12 3.056567512871311e-06
8.461819008126638e-12 3.1204049193434003e-06
8.639094688828278e-12 3.185534581007232e-06
8.820084307034176e-12 3.2522740234242065e-06
9.004865669986242e-12 3.320320489663686e-06
9.19351821499347e-12 3.390006273917834e-06
9.386123043581822e-12 3.461323991871268e-06
9.582762956359752e-12 3.5336976669242404e-06
9.783522488613943e-12 3.607754965884169e-06
9.988487946651176e-12 3.683193131820417e-06
1.0197747444901153e-11 3.760654600171165e-06
1.041139094379689e-11 3.8392163315137395e-06
1.0629510288448424e-11 3.919535529917084e-06
1.0852199248127195e-11 4.00161957969658e-06
1.107955355657718e-11 4.085763853467483e-06
1.1311670953170768e-11 4.171429296206952e-06
1.154865122492686e-11 4.25857898633808e-06
1.179059624940901e-11 4.347884896560572e-06
1.2037610038522768e-11 4.439036885628411e-06
1.228979878323009e-11 4.532064490803123e-06
1.2547270899200823e-11 4.626672339469451e-06
1.2810137073420277e-11 4.7235028670655765e-06
1.3078510311773746e-11 4.822880983468281e-06
1.3352505987627417e-11 4.923891033570271e-06
1.363224189142736e-11 5.026909617455999e-06
1.391783828133729e-11 5.131899813548557e-06
1.4209417934937755e-11 5.239851120109051e-06
1.4507106202007871e-11 5.34953035646879e-06
1.48110310584131e-11 5.461579958065954e-06
1.5121323161122007e-11 5.576339603408087e-06
1.543811590437531e-11 5.692901021703278e-06
1.576154547703227e-11 5.811921417020471e-06
1.6091750921117907e-11 5.934013687536321e-06
1.642887419159714e-11 6.0583212526665875e-06
1.67730602174008e-11 6.1848219594651255e-06
1.7124456963730834e-11 6.3145126905084226e-06
1.7483215495670103e-11 6.446773163304442e-06
1.7849490043125253e-11 6.581957824991492e-06
1.8223438067129694e-11 6.720081444200332e-06
1.860522032753635e-11 6.860575428646599e-06
1.8995000952127867e-11 7.0043775863837254e-06
1.9392947507175048e-11 7.1509045564965845e-06
1.9799231069473485e-11 7.301116299984756e-06
2.0214026299888962e-11 7.454119314687092e-06
2.063751151844447e-11 7.609935753549735e-06
2.1069868780979547e-11 7.76954034620303e-06
2.1511283957415624e-11 7.932357116047228e-06
2.1961946811661825e-11 8.098718357274493e-06
2.2422051083193923e-11 8.268328697269567e-06
2.289179457034281e-11 8.441579504747665e-06
2.337137921532789e-11 8.618145869832006e-06
2.3861011191071443e-11 8.799039443729839e-06
2.4360900989832703e-11 8.983027045772474e-06
2.487126351369788e-11 9.171098174221015e-06
2.539231816696643e-11 9.363282366336989e-06
2.592428895047283e-11 9.559623928012684e-06
2.6467404557883877e-11 9.75986440820975e-06
2.7021898474014484e-11 9.964343485435734e-06
2.758800907520223e-11 1.0173393453882795e-05
2.816597973178476e-11 1.0386179885912838e-05
2.8756058912725097e-11 1.06036405895793e-05
2.935850029242773e-11 1.0825827255089848e-05
2.9973562859793096e-11 1.1052798956967536e-05
3.060151102955673e-11 1.1284275091227869e-05
3.1242614755960404e-11 1.152063964227068e-05
3.1897149648805876e-11 1.1762239672918895e-05
3.256539709193879e-11 1.2008491822257383e-05
3.324764436421552e-11 1.2260392972862633e-05
3.3944184763003513e-11 1.2516761634273621e-05
3.465531773027031e-11 1.277920020292811e-05
3.5381348981312796e-11 1.3046829945295713e-05
3.612259063618416e-11 1.3320322834076137e-05
3.687936135387337e-11 1.359913242993116e-05
3.765198646929723e-11 1.3883915936929725e-05
3.844079813316089e-11 1.4175057339471664e-05
3.924613545474928e-11 1.4472320339464773e-05
4.006834464770993e-11 1.4775416948609177e-05
4.09077791788892e-11 1.5084768072881614e-05
4.176479992028833e-11 1.5400735543735777e-05
4.263977530420121e-11 1.572337105137933e-05
4.353308148160339e-11 1.6052763207596854e-05
4.444510248385829e-11 1.6389266459526656e-05
4.537623038781288e-11 1.6732674046338047e-05
4.6326865484350454e-11 1.7083030273923328e-05
4.729741645047557e-11 1.744074866394385e-05
4.828830052500309e-11 1.7806183663537922e-05
4.929994368792988e-11 1.817941650017474e-05
5.0332780843562354e-11 1.856024041302362e-05
5.1387256007481554e-11 1.8949046770799782e-05
5.2463822497425225e-11 1.9346204789272292e-05
5.3562943128167726e-11 1.9751485554664328e-05
5.4685090410484905e-11 2.0164985063075846e-05
5.5830746754285334e-11 2.0587441746044988e-05
5.700040467599713e-11 2.1018892525148658e-05
5.8194567010301586e-11 2.1459160176817708e-05
5.941374712630035e-11 2.1908916673751833e-05
6.065846914821249e-11 2.2367689419766634e-05
6.192926818069518e-11 2.2836165156192578e-05
6.322669053888359e-11 2.3315052777306278e-05
6.455129398325269e-11 2.380354739273116e-05
6.59036479593969e-11 2.4302055139813206e-05
6.728433384283464e-11 2.4811299681459786e-05
6.869394518893995e-11 2.5331074256840225e-05
7.013308798811293e-11 2.5861814540562023e-05
7.160238092629327e-11 2.640330638747912e-05
7.310245565093329e-11 2.695659098606029e-05
7.463395704254126e-11 2.7521498497051766e-05
7.619754349191658e-11 2.8097822159622865e-05
7.779388718319022e-11 2.8686617930873126e-05
7.942367438279611e-11 2.9287701202918015e-05
8.108760573449675e-11 2.9901204893434393e-05
8.27863965605879e-11 3.052754990839901e-05
8.452077716941672e-11 3.1167208843996264e-05
8.629149316933943e-11 3.181998970802624e-05
8.809930578925806e-11 3.2486955841903864e-05
8.994499220587053e-11 3.316702913558345e-05
9.182934587778031e-11 3.3862188585587205e-05
9.375317688660188e-11 3.457135608186945e-05
9.571731228521476e-11 3.529591987572189e-05
9.772259645331108e-11 3.6035717512206134e-05
9.976989146039581e-11 3.679030593239929e-05
1.01860077436388e-10 3.7561058618962306e-05
1.03994052949988e-10 3.8347857422849074e-05
1.0617273539497174e-10 3.915116017161324e-05
1.0839706138457543e-10 3.997175698700062e-05
1.1066798715414732e-10 4.080888728452692e-05
1.1298648897223089e-10 4.1663998390006896e-05
1.1535356356026026e-10 4.253661770725614e-05
1.1777022852105247e-10 4.342787503652801e-05
1.2023752277627185e-10 4.433794760139165e-05
1.2275650701306204e-10 4.5266754174377866e-05
1.2532826414003447e-10 4.621475996735569e-05
1.2795389975280779e-10 4.718341230613987e-05
1.3063454260930516e-10 4.8171714308153923e-05
1.333713451150041e-10 4.918076623638967e-05
1.3616548381835484e-10 5.021078962030856e-05
1.3901815991657783e-10 5.126293641311008e-05
1.419305997720548e-10 5.233682263039441e-05
1.4490405543954414e-10 5.343360022536103e-05
1.4793980520443605e-10 5.455317320191e-05
1.5103915413228442e-10 5.569611015232567e-05
1.542034346298566e-10 5.686263999038488e-05
1.574340070179312e-10 5.8054261732110035e-05
1.6073226011609918e-10 5.9269971110609276e-05
1.640996118398166e-10 6.051161420472795e-05
1.6753750980996223e-10 6.177940515961211e-05
1.7104743197517218e-10 6.307395687343842e-05
1.7463088724720587e-10 6.439523242462997e-05
1.7828941614962602e-10 6.574410316240176e-05
1.8202459148006913e-10 6.712180965173786e-05
1.8583801898638624e-10 6.85280269827615e-05
1.897313380569568e-10 6.996366342626459e-05
1.9370622242545774e-10 7.142902912349314e-05
1.9776438089039737e-10 7.292568216499262e-05
2.0190755804973077e-10 7.445360778213228e-05
2.061375350508574e-10 7.601344102603491e-05
2.1045613035633523e-10 7.760617139496162e-05
2.1486520052563675e-10 7.923178412028165e-05
2.1936664101327835e-10 8.089157145718673e-05
2.2396238698367943e-10 8.258590262144594e-05
2.2865441414308488e-10 8.431635047223551e-05
2.334447395889164e-10 8.608266394283248e-05
2.383354226769259e-10 8.788615744137473e-05
2.4332856590650666e-10 8.972751032487736e-05
2.4842631582455645e-10 9.160684074238645e-05
2.536308639482769e-10 9.352635660420106e-05
2.589444477073001e-10 9.548558531413676e-05
2.643693514055635e-10 9.748643202556195e-05
2.6990790720332546e-10 9.952844629523838e-05
2.755624961197596e-10 0.00010161360711968825
2.8133554905655337e-10 0.00010374231325194216
2.872295478429457e-10 0.0001059156797236227
2.932470263026694e-10 0.0001081350800173908
2.993905713432359e-10 0.00011040004892137745
3.056628240680404e-10 0.00011271326694206607
3.120664809117766e-10 0.00011507426886758765
3.1860429479962627e-10 0.00011748541029454884
3.2527907633073984e-10 0.00011994659522684968
3.320936949865116e-10 0.00012245958851586636
3.390510803641611e-10 0.0001250249144479909
3.461542234361717e-10 0.00012764436741186103
3.534061778361017e-10 0.00013031849384681493
3.608100611713386e-10 0.00013304878538455966
3.683690563633573e-10 0.0001358361650645179
3.760864130160485e-10 0.0001386821171340813
3.839654488127286e-10 0.0001415872544914265
3.9200955094240417e-10 0.00014455344536834502
4.002221775559157e-10 0.00014758193032982092
4.086068592526027e-10 0.0001506736619525384
4.1716720059809796e-10 0.00015383022786430445
4.259068816739282e-10 0.00015705322307724146
4.3482965965957896e-10 0.0001603436518582413
4.439393704476947e-10 0.0001637025184741958
4.532399302931358e-10 0.00016713240005117314
4.627353374965668e-10 0.00017063369534220385
4.724296741233143e-10 0.00017420842764970246
4.823271077582631e-10 0.00017785822890736824
4.924318932974693e-10 0.00018158422153113918
5.027483747773578e-10 0.00018538842882342976
5.132809872422098e-10 0.00018927198058449335
5.240342586507786e-10 0.00019323752039923647
5.350128118228658e-10 0.00019728594176982028
5.462213664266582e-10 0.00020141900216330555
5.57664741007711e-10 0.0002056388282625221
5.693478550604367e-10 0.00020994723660905382
5.812757311429815e-10 0.00021434546776788466
5.934534970364319e-10 0.00021883598071603674
6.058863879492351e-10 0.00022342068060687836
6.18579748767802e-10 0.00022810145782514724
6.315390363542826e-10 0.000232879951688858
6.447698218924559e-10 0.0002377589977751171
6.582777932827782e-10 0.0002427396372723933
6.720687575876077e-10 0.00024782482390683924
6.861486435276432e-10 0.0002530171274202076
7.005235040306923e-10 0.0002583177145343285
7.151995188338064e-10 0.0002637295315910393
7.301829971399464e-10 0.00026925466096727746
7.454803803303049e-10 0.00027489582747541874
7.610982447334376e-10 0.00028065453751580094
7.770433044524369e-10 0.0002865341878734995
7.933224142513099e-10 0.0002925372670627979
8.099425725018236e-10 0.00029866598299399527
8.269109241921165e-10 0.0003049231564755672
8.442347639983088e-10 0.000311311076645282
8.619215394204791e-10 0.00031783327320589194
8.799788539843401e-10 0.0003244917251539192
8.984144705099717e-10 0.00033128971850970856
9.172363144490704e-10 0.00033823055406223546
9.364524772920784e-10 0.0003453163215727528
9.560712200467101e-10 0.000352550705814636
9.761009767893545e-10 0.00035993648329046835
9.965503582908596e-10 0.00036747736092657135
1.0174281557183168e-09 0.000375176203837313
1.0387433444143636e-09 0.00038303589929000736
1.0605050877556598e-09 0.00039106056773263736
1.0827227410922392e-09 0.0003992534730326014
1.1054058557693475e-09 0.00040761820396717496
1.1285641832335595e-09 0.0004161575001173645
1.1522076792249199e-09 0.00042487560746451436
1.176346508056887e-09 0.0004337768901390149
1.2009910469859877e-09 0.0004428644421690109
1.2261518906729756e-09 0.00045214270891236197
1.2518398557374439e-09 0.0004616151831502435
1.2780659854079333e-09 0.0004712857638011769
1.304841554269334e-09 0.0004811592580544755
1.3321780731098725e-09 0.0004912396386718143
1.3600872938695686e-09 0.0005015309227207609
1.3885812146923632e-09 0.0005120380576926209
1.4176720850841414e-09 0.0005227654446393615
1.4473724111787602e-09 0.0005337172187775963
1.4776949611144262e-09 0.0005448988297320768
1.508652770522712e-09 0.0005563144791782548
1.540259148132535e-09 0.0005679693952114206
1.5725276814916022e-09 0.0005798679198090184
1.6054722428076645e-09 0.0005920162779489146
1.6391069949121446e-09 0.0006044189149889689
1.6734463973487608e-09 0.0006170815611579172
1.7085052125896443e-09 0.0006300093928608419
1.744298512381716e-09 0.0006432079261813328
1.7808416842260222e-09 0.0006566830833403259
1.8181504379927748e-09 0.0006704411114686337
1.8562408126750513e-09 0.000684486825139885
1.8951291832839123e-09 0.000698826560096677
1.934832267888008e-09 0.0007134671172934759
1.975367134800666e-09 0.0007284141014256562
2.016751209917508e-09 0.0007436740549966459
2.059002284207873e-09 0.0007592539488001648
2.1021385213631117e-09 0.0007751604877945795
2.1461784656051105e-09 0.0007914004803186714
2.191141049658486e-09 0.0008079804614915531
2.237045602889708e-09 0.0008249070624284371
2.2839118596167803e-09 0.0008421891073862042
2.3317599675930143e-09 0.00085983309456239
2.3806104966684878e-09 0.0008778464747312142
2.4304844476330577e-09 0.0008962374075611734
2.48140326124454e-09 0.0009150132035244951
2.5333888274460774e-09 0.0009341828050271062
2.5864634947766126e-09 0.0009537537071491187
2.6406500799784597e-09 0.0009737349852141364
2.69597187780626e-09 0.0009941346216670865
2.752452671041341e-09 0.0010149619355139805
2.8101167407158737e-09 0.0010362253374900376
2.86898887655133e-09 0.0010579339989149616
2.9290943876155135e-09 0.0010800974898614868
2.9904591132029083e-09 0.0011027254542455012
3.0531094339429803e-09 0.0011258273735279545
3.1170722831411296e-09 0.0011494140214249882
3.1823751583573643e-09 0.0011734935206835218
3.249046133227436e-09 0.001198078395102442
3.317113869531623e-09 0.001223178207370168
3.3866076295164816e-09 0.001248803576132218
3.457557288474599e-09 0.001274965496634195
3.5299933475879632e-09 0.0013016766477456088
3.603946947040403e-09 0.0013289461195586938
3.679449879404662e-09 0.0013567874475235442
3.756534603310076e-09 0.001385212424391824
3.835234257396448e-09 0.0014142320454091362
3.915582674560328e-09 0.0014438599051000978
3.9976143964997505e-09 0.0014741091106245108
4.081364688563615e-09 0.001504991351353624
4.166869554912315e-09 0.0015365209233220156
4.254165753995838e-09 0.0015687104389403572
4.343290814356137e-09 0.001601575043439496
4.4342830507607095e-09 0.0016351279547439646
4.527181580674005e-09 0.001669383402429503
4.622026341074002e-09 0.0017043570190917734
4.718858105621087e-09 0.0017400627684711623
4.817718502186533e-09 0.001776516866524247
4.91865003074839e-09 0.001813734827697644
5.021696081662105e-09 0.0018517322772027
5.1269009543140075e-09 0.0018905256599097697
5.234309876165587e-09 0.0019301318859010765
5.343969022196648e-09 0.0019705677323411663
5.4559255347560105e-09 0.002011851076657578
5.5702275438278936e-09 0.0020539987255521197
5.686924187722872e-09 0.002097029848707521
5.80606563420252e-09 0.0021409619838728133
5.927703102046389e-09 0.002185815260691726
6.0518888830709285e-09 0.002231607283372128
6.178676364609702e-09 0.0022783592153619026
6.308120052464449e-09 0.0023260903001869337
6.440275594337222e-09 0.0023748208890204126
6.5751998037531916e-09 0.0024245733932595215
6.7129506844846215e-09 0.002475367684096952
6.853587455486919e-09 0.0025272260030906324
6.9971705763564165e-09 0.002580170828096584
7.1437617733221955e-09 0.0026342245557433586
7.293424065782014e-09 0.0026894113401265685
7.446221793394184e-09 0.002745753467110035
7.602220643737307e-09 0.002803276508577923
7.761487680549165e-09 0.002862004441402277
7.924091372557388e-09 0.002921962460867178
8.09010162291411e-09 0.0029831772095825215
8.259589799247139e-09 0.0030456734840793587
8.432628764341007e-09 0.003109479389062031
8.609292907460518e-09 0.0031746221357327187
8.789658176330496e-09 0.003241129164207379
8.97380210978585e-09 0.0033090303883476224
9.161803871105286e-09 0.0033783532630380364
9.353744282043558e-09 0.003449128278116831
9.549705857576687e-09 0.0035213862631007235
9.749772841374908e-09 0.003595158365031992
9.954031242019161e-09 0.0036704757531058623
1.0162568869975962e-08 0.003747370800160965
1.0375475375346978e-08 0.003825876565777264
1.0592842286409654e-08 0.003906027394405598
1.0814763048964953e-08 0.003987857017598628
1.1041333066509756e-08 0.0040714010794467015
1.127264974125066e-08 0.004156695002510702
1.1508812515977012e-08 0.004243776062814675
1.1749922916811415e-08 0.004332681351774781
1.1996084596855512e-08 0.004423449253062373
1.2247403380750541e-08 0.004516117950972287
1.250398731017103e-08 0.004610728782902029
1.2765946690272e-08 0.00470732135093499
1.3033394137108828e-08 0.004805937531523696
1.3306444626050978e-08 0.0049066193561913
1.3585215541209572e-08 0.005009410148716142
1.3869826725900918e-08 0.005114355012496574
1.4160400534166787e-08 0.005221497847287537
1.4457061883374523e-08 0.005330885299809296
1.4759938307918653e-08 0.005442564127546845
1.506916001404801e-08 0.005556582801146348
1.5384859935841033e-08 0.005672989998014799
1.5707173792354186e-08 0.005791835850269322
1.6036240145967354e-08 0.005913170977391857
1.6372200461951553e-08 0.006037048383998211
1.671519916928493e-08 0.006163520085205932
1.7065383722742367e-08 0.0062926420467412925
1.7422904666286382e-08 0.006424468639318448
1.7787915697785566e-08 0.006559056308644173
1.8160573735089386e-08 0.006696464011092473
1.854103898348673e-08 0.006836750031064653
1.8929475004578282e-08 0.006979974794413479
1.9326048786591167e-08 0.007126199694337032
1.973093081616732e-08 0.007275488272869168
2.0144295151655204e-08 0.007427903857898599
2.056631949793762e-08 0.007583512206753795
2.099718528282652e-08 0.007742380435477259
2.1437077735058914e-08 0.007904576649609751
2.1886185963926393e-08 0.008070170896766982
2.234470304057286e-08 0.00823923365285495
2.2812826080995925e-08 0.008411837631227215
2.3290756330786508e-08 0.008588058203590876
2.3778699251644457e-08 0.008767969331248793
2.4276864609705935e-08 0.008951649450398946
2.4785466565722055e-08 0.009139177802129694
2.530472376712595e-08 0.009330634166584417
2.5834859442029468e-08 0.009526101299785594
2.637610149518831e-08 0.009725662799567658
2.6928682605978422e-08 0.009929404678436171
2.7492840328424213e-08 0.010137414529140187
2.8068817193323193e-08 0.010349781650205614
2.865686081250926e-08 0.010566597297001934
2.925722398530116e-08 0.010787954866350091
2.987016480718047e-08 0.011013949645455767
3.0495946780746385e-08 0.011244677925791535
3.1134838928995636e-08 0.011480239750062182
3.178711591097466e-08 0.011720735604031418
3.2453058139855785e-08 0.011966269215177405
3.313295190348599e-08 0.012216946216131676
3.382708948746229e-08 0.01247287432928701
3.453576930078445e-08 0.012734162997581677
3.5259296004141276e-08 0.013000925592409729
3.5997980640883295e-08 0.013273275367016169
3.6752140770740586e-08 0.013551329916623445
3.752210060634075e-08 0.01383520953172912
3.8308191152588174e-08 0.014125034894199473
3.911075034896209e-08 0.014420931544780302
3.993012321479697e-08 0.014723026102327452
4.07666619976054e-08 0.01503144831664649
4.16207263245094e-08 0.015346331445092785
4.249268335684355e-08 0.015667809498221885
4.338290794799696e-08 0.015996021603919885
4.429178280456295e-08 0.016331108928143934
4.521969865086352e-08 0.01667321504413799
4.6167054396922e-08 0.01702248652317806
4.713425730995333e-08 0.017379073983144977
4.8121723189448534e-08 0.017743130471359336
4.912987654592573e-08 0.018114812513154277
5.015915078342748e-08 0.018494280060185275
5.1209988385839974e-08 0.018881695382782837
5.228284110711717e-08 0.01927722521140396
5.3378170165488484e-08 0.01968104013850258
5.449644644173689e-08 0.020093312528768337
5.5638150681629184e-08 0.02051422088325694
5.680377370258893e-08 0.020943944256847757
5.799381660469748e-08 0.021382668564449148
5.9208790986117144e-08 0.02183058222425238
6.044921916302633e-08 0.022287877486908414
6.171563439416238e-08 0.022754750383837674
6.300858111006973e-08 0.023231401849646005
6.432861514714906e-08 0.023718036666167563
6.567630398661179e-08 0.02421486363968839
6.705222699843853e-08 0.024722096782436864
6.845697569045078e-08 0.025239952979140057
6.989115396259832e-08 0.0257686550515146
7.135537836657633e-08 0.026308430591544862
7.28502783708791e-08 0.026859511097518052
7.43764966314091e-08 0.02742213291921658
7.593468926775283e-08 0.027996538262184956
7.752552614524708e-08 0.02858297368132945
7.914969116295219e-08 0.02918169137317328
8.080788254766053e-08 0.02979294736669935
8.250081315406304e-08 0.030417005318888357
8.422921077120414e-08 0.03105413247549826
8.599381843535865e-08 0.031704603252457275
8.779539474946093e-08 0.032368696348596515
8.963471420922885e-08 0.03304669711601527
9.151256753611723e-08 0.033738896932414164
9.342976201724962e-08 0.034445592639887224
9.538712185246867e-08 0.035167087578726
9.738548850866023e-08 0.03590369220031775
9.942572108149762e-08 0.03665572234659997
1.0150869666476736e-07 0.03742350083030388
1.0363531072742938e-07 0.038207358409684034
1.0580647749857971e-07 0.03900763019974107
1.0802313036047494e-07 0.039824660043736415
1.1028622224979376e-07 0.040658799021560554
1.1259672606730271e-07 0.041510405530960526
1.1495563509610457e-07 0.04237984478540646
1.1736396342865123e-07 0.04326749007680952
1.198227464026991e-07 0.044173722583529695
1.2233304104640163e-07 0.045098931082387494
1.2489592653272258e-07 0.04604351302677401
1.2751250464337334e-07 0.047007873379929066
1.3018390024246562e-07 0.047992426497941665
1.3291126176009149e-07 0.04899759505163992
1.3569576168603004e-07 0.05002380976075572
1.3853859707380165e-07 0.051071512273807684
1.414409900552778e-07 0.05214115128395136
1.4440418836607657e-07 0.05323318593314852
1.474294658819604e-07 0.05434808509588862
1.505181231664764e-07 0.05548632706904755
1.5367148803006474e-07 0.05664840002971516
1.5689091610088502e-07 0.05783480336437208
1.6017779140759858e-07 0.05904604499576749
1.6353352697435988e-07 0.060282645813508395
1.6695956542827626e-07 0.06154513575298815
1.7045737961958928e-07 0.06283405609190851
1.7402847325485405e-07 0.06414996106744475
1.7767438154337834e-07 0.06549341375579765
1.8139667185721022e-07 0.0668649906873906
1.8519694440494678e-07 0.06826528056199876
1.8907683291966488e-07 0.06969488427090198
1.9303800536125844e-07 0.07115441415106893
1.9708216463349552e-07 0.07264449716779708
2.012110493160917e-07 0.07416577165822957
2.0542643441212697e-07 0.07571888996755582
2.0973013211111414e-07 0.07730451853762332
2.1412399256806068e-07 0.07892333683621189
2.186099046988449e-07 0.08057603961663418
2.2318979699226186e-07 0.08226333408215858
2.2786563833907737e-07 0.08398594574177132
2.326394388784506e-07 0.08574461102586106
2.3751325086209396e-07 0.08754008496590693
2.424891695365302e-07 0.08937313717741091
2.4756933404384047e-07 0.09124455257617647
2.527559283412751e-07 0.09315513400712483
2.5805118214013865e-07 0.09510570025052978
2.6345737186433645e-07 0.09709708683429241
2.689768216290106e-07 0.09913014646961571
2.746119042396706e-07 0.10120575208595817
2.8036504221226394e-07 0.10332479135187178
2.8623870881460913e-07 0.10548817247907394
2.922354291296549e-07 0.10769682318864326
2.9835778114100624e-07 0.10995168837019165
3.04608396841201e-07 0.11225373432046126
3.1098996336319865e-07 0.11460394653541428
3.1750522413557416e-07 0.1170033325605786
3.241569800619193e-07 0.1194529188970197
3.309480907249429e-07 0.12195375494456506
3.3788147561580773e-07 0.12450691122218416
3.449601153892112e-07 0.12711348128791045
3.521870531447711e-07 0.12977457974507622
3.5956539573524515e-07 0.13249134670982343
3.6709831510216956e-07 0.13526494510844422
3.7478904963946734e-07 0.13809656111305557
3.826409055856362e-07 0.14098740719870584
3.90657258445091e-07 0.1439387196105546
3.988415544392958e-07 0.14695176167943025
4.0719731198828404e-07 0.1500278222711238
4.157281232232294e-07 0.15316821665035363
4.2443765553069676e-07 0.1563742882603858
4.3332965312924504e-07 0.15964740872303373
4.424079386790688e-07 0.16298897747682695
4.5167641492534865e-07 0.16640042268528177
4.611390663760445e-07 0.16988320308298022
4.7079996101482384e-07 0.1734388076506601
4.80663252049891e-07 0.17706875554875623
4.907331796994394e-07 0.18077459931480888
5.010140730145242e-07 0.18455792134114546
5.115103517401093e-07 0.18842033861561092
5.222265282151184e-07 0.19236350148100279
5.331672093122771e-07 0.19638909328800835
5.443370984186103e-07 0.20049883422028003
5.557409974574149e-07 0.20469447879115243
5.673838089526105e-07 0.20897781836907825
5.792705381363195e-07 0.21335068218927944
5.914062951006198e-07 0.21781493610579794
6.037962969943638e-07 0.22237248550830024
6.164458702660216e-07 0.22702527597189714
6.293604529535244e-07 0.23177529176551204
6.425455970220607e-07 0.2366245593446621
6.560069707508704e-07 0.24157514750652886
6.697503611700218e-07 0.2466291665038405
6.837816765482601e-07 0.2517887715081155
6.981069489329548e-07 0.25705616281642385
7.127323367432816e-07 0.26243358498003744
7.276641274177087e-07 0.2679233291452583
7.429087401169716e-07 0.2735277349807248
7.584727284836515e-07 0.27924918968052914
7.74362783459591e-07 0.28509013048965315
7.90585736162311e-07 0.29105304370708573
8.071485608217127e-07 0.2971404682450629
8.240583777782795e-07 0.3033549960868953
8.413224565441139e-07 0.3096992712457798
8.589482189280895e-07 0.3161759928145216
8.769432422264723e-07 0.32278791628732684
8.953152624804051e-07 0.3295378536114928
9.140721778016086e-07 0.3364286745682748
9.332220517677857e-07 0.3434633085155845
9.527731168891302e-07 0.35064474535533563
9.727337781474893e-07 0.35797603576235737
9.931126166096406e-07 0.36546029447779915
1.0139183931162992e-06 0.37310070005067963
1.0351600520483776e-06 0.38090049568708295
1.0568467251721823e-06 0.3888629930309282
1.0789877355651326e-06 0.39699157017020426
1.1015926016237598e-06 0.40528967554327266
1.1246710411556373e-06 0.41376082868468345
1.1482329755570713e-06 0.42240862139189694
1.1722885340782922e-06 0.431236719157841
1.1968480581780006e-06 0.440248862551778
1.2219221059691661e-06 0.4494488694124464
1.2475214567579302e-06 0.458840635556955
1.2736571156776365e-06 0.468428137092074
1.3003403184199068e-06 0.4782154322307761
1.3275825360648732e-06 0.4882066606793387
1.3553954800125614e-06 0.4984060482525408
1.3837911070176314e-06 0.5088179073388748
1.4127816243295512e-06 0.5194466383700256
1.4423794949405016e-06 0.5302967318146354
1.4725974429431821e-06 0.5413727701277633
1.5034484590009065e-06 0.5526794290357557
1.5349458059322518e-06 0.5642214803275181
1.5671030244127509e-06 0.5760037922754204
1.5999339387960047e-06 0.5880313343464909
1.6334526630567485e-06 0.6003091756738623
1.6676736068584557e-06 0.6128424895981261
1.7026114817480112e-06 0.625636554309768
1.738281307480216e-06 0.638696755884121
1.7746984184747367e-06 0.6520285901200609
1.811878470408383e-06 0.665637663773186
1.8498374469454386e-06 0.6795296989568698
1.8885916666090508e-06 0.6937105327951976
1.9281577897965147e-06 0.7081861215581835
1.9685528259415923e-06 0.7229625416069627
2.0097941408268174e-06 0.7380459937948434
2.0518994640490584e-06 0.7534428035633027
2.0948868966414224e-06 0.769159424191086
2.1387749188549e-06 0.7852024399251558
2.1835823981029743e-06 0.8015785689048815
2.2293285970727303e-06 0.8182946636937096
2.2760331820058502e-06 0.8353577153626901
2.3237162311530965e-06 0.8527748558977635
2.3723982434059626e-06 0.8705533623349773
2.4221001471090854e-06 0.8887006567752547
2.4728433090573587e-06 0.907224310467921
2.524649543681454e-06 0.9261320475767043
2.577541122425862e-06 0.9454317477716305
2.6315407833233213e-06 0.9651314475434312
2.6866717407699157e-06 0.9852393453282583
2.7429576955048763e-06 1.005763803028854
2.8004228447995468e-06 1.0267133506962054
2.859091892859719e-06 1.048096688346087
2.918990061445992e-06 1.0699226893632297
2.9801431007165303e-06 1.0922004045553102
3.0425773002970804e-06 1.1149390656014262
3.1063195005828004e-06 1.1381480854139276
3.1713971042769623e-06 1.1618370676863368
3.2378380881713262e-06 1.1860158031421157
3.305671015173312e-06 1.210694279865324
3.3749250465852084e-06 1.2358826814619235
3.4456299546405345e-06 1.2615913944293258
3.5178161353031427e-06 1.287831008628988
3.591514621334356e-06 1.3146123254239281
3.666757095633976e-06 1.3419463568664511
3.7435759048606684e-06 1.36984433295693
3.822004073337817e-06 1.3983177045236896
3.902075317250585e-06 1.4273781455786025
3.9838240591405245e-06 1.4570375611296953
4.067285442703733e-06 1.4873080873805247
4.15249534789915e-06 1.5182020980511517
4.239490406373248e-06 1.5497322103298998
4.3283080172079986e-06 1.5819112833004958
4.418986362998671e-06 1.6147524294172957
4.51156442626846e-06 1.6482690143797516
4.606082006227097e-06 1.6824746635272287
4.7025797358804115e-06 1.7173832652579435
4.801099099498492e-06 1.7530089768108823
4.9016824504496556e-06 1.78936622811303
5.004373029408187e-06 1.8264697270665398
5.109214982943384e-06 1.8643344632113532
5.2162533824982e-06 1.9029757153236613
5.325534243765324e-06 1.9424090530035318
5.437104546469363e-06 1.9826503445022843
5.551012254563291e-06 2.0237157579925906
5.667306336848183e-06 2.0656217724308057
5.786036788024768e-06 2.1083851777563414
5.907254650186169e-06 2.152023081316022
6.031012034760816e-06 2.196552914916106
6.157362144915051e-06 2.2419924390165757
6.286359298425203e-06 2.28835974589901
6.418058951028637e-06 2.3356732706544445
6.5525177202642195e-06 2.3839517901052627
6.689793409812034e-06 2.4332144331432364
6.829945034343229e-06 2.483480684606292
6.973032844890247e-06 2.534770391400107
7.1191183547487945e-06 2.5871037664930263
7.268264365922228e-06 2.640501397681243
7.420534996120181e-06 2.694984250963431
7.575995706322583e-06 2.750573677245704
7.734713328921379e-06 2.80729141832291
7.89675609645159e-06 2.8651596114716753
8.062193670924521e-06 2.9242007989835574
8.231097173775265e-06 2.9844379291545415
8.403539216437838e-06 3.045894366556624
8.579593931560717e-06 3.108593895161377
8.759337004876322e-06 3.1725607270386735
8.94284570773836e-06 3.2378195051553416
9.130198930340558e-06 3.304395313196304
9.321477215631606e-06 3.372313678665991
9.516762793940347e-06 3.4416005806861776
9.716139618326655e-06 3.5122824561692703
9.919693400672605e-06 3.584386203495697
1.012751164853008e-05 3.657939193125168
1.0339683702740023e-05 3.7329692689627745
1.0556300775840108e-05 3.8095047580545938
1.0777455991276773e-05 3.88757447512166
1.1003244423439035e-05 3.9672077285634124
1.1233763138530712e-05 4.048434327059272
1.1469111236299245e-05 4.131284584538289
1.1709389892638397e-05 4.215789328648948
1.1954702403083823e-05 4.3019799028858525
1.2205154227219636e-05 4.389888176300104
1.2460853034015301e-05 4.479546547383446
1.2721908748112573e-05 4.570987948380706
1.2988433597081791e-05 4.664245853995904
1.3260542159668585e-05 4.759354285985298
1.3538351415050954e-05 4.8563478169824545
1.3821980793128698e-05 4.955261578067178
1.411155222586599e-05 5.0561312625610455
1.440719019971001e-05 5.1589931324074545
1.4709021809107316e-05 5.263884021642253
1.5017176811141839e-05 5.370841342943628
1.5331787681317072e-05 5.479903091265184
1.5652989670507396e-05 5.591107849167425
1.5980920863102032e-05 5.704494789926548
1.6315722236367594e-05 5.82010368406956
1.6657537721053976e-05 5.9379749002456315
1.7006514263269907e-05 6.058149411561837
1.7362801887655182e-05 6.18066879834489
1.772655376187581e-05 6.305575252054826
1.8097926262470902e-05 6.4329115769907865
1.8477079042078495e-05 6.562721193097053
1.886417509807036e-05 6.695048140866234
1.925938084262406e-05 6.829937081125122
1.9662866174263705e-05 6.967433297382902
2.0074804550898818e-05 7.1075826995380815
2.0495373064394026e-05 7.250431821138907
2.0924752516700332e-05 7.396027823983793
2.1363127497582013e-05 7.54441849638601
2.1810686463971227e-05 7.695652254451167
2.226762182098574e-05 7.849778140888339
2.2734130004643555e-05 8.006845824618702
2.32104115663104e-05 8.16690559915836
2.3696671258916878e-05 8.330008381510703
2.4193118124981138e-05 8.496205709227452
2.4699965586476436e-05 8.665549738407496
2.5217431536580595e-05 8.838093238889725
2.5745738433348463e-05 9.013889592141096
2.6285113395345986e-05 9.192992785770096
2.6835788299288635e-05 9.375457407803896
2.739799987972454e-05 9.561338642242992
2.7971989830806865e-05 9.750692261750734
2.8558004910197394e-05 9.943574619951484
2.915629704514786e-05 10.140042646084373
2.9767123440802723e-05 10.340153832257972
3.039074669077186e-05 10.543966227513302
3.10274348900188e-05 10.751538426570137
3.167746175011488e-05 10.96292955836655
3.234110671690738e-05 11.178199273239736
3.301865509065278e-05 11.397407732971958
3.371039814866751e-05 11.620615594072458
3.441663327054722e-05 11.847883995209349
3.513766406601046e-05 12.079274540284768
3.5873800505419676e-05 12.314849282351833
3.662535905303764e-05 12.554670705729835
3.7392662803074554e-05 12.798801707927431
3.817604161858648e-05 13.047305578434893
3.8975832273282524e-05 13.300245979679953
3.979237859630409e-05 13.55768692306571
4.062603162003603e-05 13.819692746994894
4.1477149731015736e-05 14.086328091859203
4.234609882400248e-05 14.357657874622479
4.323325245927583e-05 14.633747261757199
4.413899202322814e-05 14.914661641568056
4.506370689232274e-05 15.200466592387718
4.600779460048622e-05 15.491227855616687
4.6971661010007555e-05 15.787011299569695
4.79557204860185e-05 16.087882888749565
4.896039607462798e-05 16.39390864705117
4.99861196847899e-05 16.705154621984423
5.103333227397958e-05 17.021686846393983
5.210248403776169e-05 17.343571300260205
5.3194034603328015e-05 17.670873867700248
5.430845322709154e-05 18.003660296612818
5.5446218996418396e-05 18.34199615374459
5.66078210355879e-05 18.68594677932836
5.7793758716065676e-05 19.035577239564994
5.9004541871183774e-05 19.390952280471428
6.024069101531659e-05 19.752136274041646
6.150273756765022e-05 20.11919316940682
6.279122408063868e-05 20.49218643867133
6.410670447324622e-05 20.871179021781497
6.544974426907739e-05 21.256233269969098
6.682092083949397e-05 21.647410889253965
6.822082365182739e-05 22.044772878748034
6.965005452278898e-05 22.44837947076855
7.110922787719148e-05 22.85829006898704
7.259897101208843e-05 23.274563182191994
7.411992436644966e-05 23.697256359941964
7.567274179648417e-05 24.126426126062395
7.725809085673338e-05 24.562127908346955
7.887665308705089e-05 25.00441597083598
8.052912430559697e-05 25.45334334006192
8.221621490796878e-05 25.90896173412301
8.393865017259981e-05 26.371321487990897
8.569717057255578e-05 26.84047147889215
8.749253209386274e-05 27.31645904947446
8.932550656050581e-05 27.799329930647904
9.119688196623411e-05 28.28912816207805
9.310746281331986e-05 28.785896014982928
9.505807045841152e-05 29.289673908572116
9.704954346563575e-05 29.800500332341585
9.908273796709352e-05 30.31841176102117
0.00010115852803091189 30.843442573487387
0.00010327780603700452 31.375624969416677
0.00010544148306070337 31.91498888562848
0.00010765048926443154 32.46156191185975
0.00010990577429757733 33.015369206251464
0.00011220830770474852 33.57643341265906
0.00011455907934257656 34.14477457373903
0.00011695909980525773 34.720410048835326
0.0001194094008590046 35.30335442888257
0.00012191103588560173 35.89361945349489
0.0001244650803352538 36.4912139274124
0.00012707263218891858 37.0961436385206
0.00012973481243033064 37.70841127579577
0.00013245276552790913 38.32801634942149
0.0001352276599267646 38.95495511156973
0.00013806068855101006 39.58922047714495
0.000140953069316601 40.2308019484641
0.00014390604565491408 40.87968553893972
0.000146920887047298 41.535853701991144
0.0001499988895708198 42.19928525722347
0.00015314137645545056 42.869955323673416
0.00015634969865291814 43.54783525261933
0.00015962523541748126 44.232892561905174
0.00016296939489886662 44.92509087697676
0.00016638361474763491 45.62438987009402
0.00016986936273322275 46.330745206942424
0.00017342813737493572 47.04410849229921
0.00017706146858616093 47.764427222367615
0.00018077091833207235 48.49164473993191
0.00018455808130112212 49.22570019172039
0.00018842458559059264 49.966528491712694
0.00019237209340651536 50.71406028742304
0.00019640230177824812 51.46822193117519
0.00020051694328803102 52.22893545473
0.00020471778681581848 52.996118549561906
0.00020900663829972053 53.769684551492105
0.00021338534151237024 54.549542430136455
0.00021785577885356455 55.33559678331547
0.00022241987215950278 56.12774783669993
0.00022707958352898345 56.92589144848511
0.00023183691616690495 57.72991912036392
0.00023669391524544655 58.53971801203703
0.00024165266878328217 59.35517096340277
0.0002467153085432182 60.1761565210816
0.000251884010948637 61.002548970796305
0.00025716099801913504 61.83421837563755
0.0002625485383257727 62.671030620495245
0.0002680489479663266 63.51284746143755
0.00027366459156097947 64.35952658175037
0.0002793978832688636 65.21092165301307
0.00028525128782591174 66.06688240279787
0.0002912273216044401 66.92725468765637
0.0002973285536949363 67.79188057205059
0.0003035576070105038 68.66059841246025
0.00030991715941445694 69.53324294816555
0.0003164099448715261 70.40964539666736
0.00032303875462318804 71.28963355471191
0.0003298064383876184 72.17303190500904
0.00033671590558477754 73.05966172752858
0.0003437701265871747 73.94934121674102
0.0003509721339968229 74.84188560271306
0.000358325023948954 75.73710727784449
0.00036583195744303794 76.63481592743031
0.0003734961617017019 77.53481866522938
0.0003813209315581039 78.43692017252587
0.0003893096308723812 79.34092284154
0.0003974656939777636 80.24662692232428
0.0004057926271569994 81.15383067317457
0.00041429401014969586 82.06233051409095
0.00042297349769124915 82.97192118336213
0.00043183482108400393 83.88239589643166
0.0004408817898013466 84.7935465075405
0.00045011829312538714 85.70516367306813
0.00045954830181895866 86.61703701676397
0.0004691758698326464 87.52895529650745
0.0004790051360475687 88.4407065720721
0.000489040326054689 89.35207837385
0.0004992857539713859 89.35191406913322
0.0005097458242960905 89.33785989956428
0.000520425033801768 89.32351586095464
0.0005313279734690874 89.30887607156419
0.0005424593304600719 89.29393453443532
0.0005538238901331077 89.27868513518509
0.0005654265381001566 89.2631216399375
0.0005772722623270883 89.24723769325598
0.0005893661552779925 89.23102681580995
0.0006017134161044287 89.21448240226283
0.0006143193528805259 89.1975977190568
0.0006271893848849324 89.18036590203504
0.0006403290449305489 89.1627799542338
0.00065374398174308 89.14483274351947
0.0006674399623894193 89.12651700018863
0.0006814228747568933 89.10782531462723
0.0006956987300844749 89.08875013486637
0.0007102736655469974 89.06928376406434
0.0007251539468935247 89.04941835815085
0.0007403459711409792 89.02914592317622
0.0007558562693242288 89.00845831285973
0.0007716915093037612 88.98734722593126
0.0007878584986321957 88.96580420359106
0.0008043641874808295 88.94382062685882
0.0008212156716275289 88.92138771388584
0.0008384201955071828 88.89849651728909
0.0008559851553260815 88.87513792138974
0.0008739181022415409 88.85130263951767
0.0008922267456081227 88.82698121121294
0.0009109189562918993 88.80216399941227
0.0009300027700541159 88.77684118765053
0.0009494863910057636 88.75100277715113
0.000969378195134502 88.72463858404967
0.0009896867339055104 88.69773823638107
0.0010104207379377384 88.67029117125139
0.0010315891207571975 88.64228663182504
0.0010532009826288598 88.61371366443748
0.0010752656144688761 88.58456111550127
0.0010977925018387158 88.55481762864083
0.0011207913290230066 88.52447164156159
0.0011442719831927816 88.49351138307411
0.0011682445586559886 88.46192487004431
0.001192719361197006 88.42969990431419
0.0012177069125070918 88.39682406963009
0.001243217954707653 88.3632847286149
0.0012692634549682515 88.32906901958566
0.0012958546102214085 88.29416385354799
0.0013230028519761346 88.25855591105038
0.0013507198512323325 88.22223163913452
0.0013790175234981259 88.18517724816743
0.0014079080339123567 88.14737870880647
0.0014374038024743431 88.10882174890531
0.0014675175093832348 88.06949185038302
0.0014982621004891942 88.02937424623335
0.0015296507928588378 87.98845391741607
0.0015616970804572165 87.94671558980707
0.001594414739948868 87.9041437312374
0.0016278178366203647 87.86072254843604
0.0016619207304270041 87.81643598412802
0.001696738082166112 87.77126771402145
0.0017322848597797096 87.72520114395726
0.0017685763447892243 87.67821940703672
0.0018056281388649684 87.63030536077103
0.0018434561705333258 87.58144158429751
0.0018820767020243773 87.53161037572116
0.0019215063362630327 87.480793749353
0.001961762024006578 87.42897343314768
0.002002861071131835 87.37613086617806
0.002044821146074908 87.32224719608757
0.0020876602874268404 87.26730327675685
0.002131396911688355 87.21127966592591
0.0021760498211871337 87.15415662302325
0.002221638212160889 87.09591410702429
0.00226818168300982 87.03653177429521
0.002315700242721909 86.97598897682815
0.0023642143194748176 86.91426476031376
0.002413744769417903 86.8513378624725
0.0024643128856382604 86.78718671146694
0.0025159404073146134 86.72178942445443
0.0025686495290629173 86.6551238063465
0.002622462910477865 86.587167348561
0.0026774036858741813 86.51789722813594
0.0027334954742320606 86.4472903068286
0.002790762389350896 86.37532313049523
0.002849229050215845 86.3019719286554
0.002908920591581455 86.22721261410801
0.0029698626747770977 86.15102078306423
0.0030320814987386917 86.07337171504402
0.0030956038112716737 85.9942403734449
0.0031604569205498016 85.91360140604391
0.0032266687068549333 85.83142914583215
0.00329426763456268 85.74769761214452
0.0033632827643792856 85.66238051199629
0.003433743765834743 85.57545124173721
0.0035056809300377067 85.48688288893452
0.0035791251826976208 85.39664823464727
0.0036541080974195903 85.30471975590748
0.003730661909277928 85.21106962860743
0.0038088195286739186 85.1156697306896
0.0038886145554839976 85.01849164564696
0.003970081293504236 84.91950666647345
0.004053254765197602 84.81868579991749
0.004138170726750017 84.71599977111917
0.004224865683441931 84.61141902872771
0.0043133769053418395 84.504913750351
0.004403742443328747 84.3964538484114
0.00449600114545013 84.2860089765775
0.004590192673622685 84.17354853652074
0.004686357520682969 84.0590416852037
0.004784537027795146 83.94245734261895
0.004884773402223623 83.8237642000815
0.004987109735477832 83.70293072894982
0.005091590021837268 83.57992518995958
0.005198259177264489 83.45471564308158
0.005307163058714575 83.32726995784523
0.005418348483848894 83.19755582437793
0.005531863251162011 83.06554076486563
0.0056477561605301155 82.93119214584031
0.005766077034190176 82.79447719075539
0.005886876738158373 82.6553629935287
0.006010207204097389 82.51381653243226
0.006136121451641682 82.36980468487576
0.006264673611190713 82.22329424266988
0.006395918947179446 82.07425192803552
0.0065299138818365006 81.92264441035145
0.006666716019440027 81.76843832349996
0.0068063841710816215 81.61160028399551
0.006948978379949307 81.45209690982202
0.007094559947139931 81.28989483997174
0.007243191458012499 81.12496075470051
0.007394936809093429 80.95726139669857
0.007549861235545783 80.78676359269703
0.007708031339213672 80.61343427620423
0.007869515117254377 80.43724051067763
0.008034381991370132 80.25814951371495
0.008202702837652622 80.07612868185802
0.008374550017052416 79.89114561623849
0.008549997406486935 79.70316814903583
0.0087291204305999 79.51216437060002
0.008911996094186539 79.31810265744532
0.009098703015297705 79.12095170100498
0.009289321459037742 78.92068053709451
0.009483933372070395 78.71725857617267
0.009682622417847444 78.51065563442202
0.00988547401257576 78.30084196538344
0.010092575361937486 78.08778829257245
0.010304015498579752 77.87146584255376
0.01051988532038954 77.65184637895327
0.01074027762957084 77.42890223701679
0.01096528717254005 77.20260635883312
0.011195010680657454 76.97293232928837
0.011429546911811734 76.73985441250748
0.011668996692876164 76.50334758905649
0.011913462963053784 76.26338759360979
0.012163050818130903 76.01995095311246
0.012417867555657719 75.77301502554035
0.012678022721075205 75.52255803908876
0.012943628154808895 75.26855913178926
0.013214798040348748 75.01099839148097
0.01349164895333662 74.749856896188
0.013774299911681784 74.4851167547628
0.014062872426726929 74.21676114775819
0.014357490555485542 73.94477436855814
0.014658280953973995 73.6691418645896
0.014965372931660588 73.3898502786672
0.015278898507055915 73.10688749031598
0.015598992464467236 72.82024265718998
0.015925792411942235 72.52990625616594
0.016259438840426306 72.23587012456996
0.016600075184159846 71.93812750089457
0.01694784788234024 71.63667306539773
0.017302906442075952 71.33150298023662
0.01766540350265956 71.02261492924686
0.018035494901186933 70.7100081570056
0.018413339739551858 70.39368350753274
0.018799100452843488 70.07364346209849
0.019192942879177163 69.74989217635189
0.019595036330987716 69.42243551662203
0.020005553667817196 69.09128109519283
0.020424671370626656 68.75643830455162
0.020852569617665323 68.4179183506407
0.02128943236192867 68.07573428476492
0.021735447410240128 67.72990103424394
0.022190806503988702 67.38043543170592
0.022655705401558562 67.02735624290416
0.02313034396248499 66.67068419291667
0.023614926233374328 66.31044199075068
0.02410966053562304 65.94665435218973
0.02461475955497494 65.57934802073567
0.025130440432954662 65.20855178680031
0.025656924860216163 64.83429650471909
0.026194439171847914 64.45661510774109
0.026743214444673688 64.0755426209295
0.027303486596592475 63.691116171721184
0.027875496487998863 63.303374998219226
0.02845949002532934 62.91236045503397
0.029055718266776772 62.518116016761034
0.02966443753022026 62.12068727884522
0.03028590950341545 61.72012195592649
0.030920401356494553 61.31646987745364
0.03156818585682198 60.909782980743095
0.032229541486257035 60.50011530113552
0.032904752560872406 60.087522959457395
0.03359410935318213 59.672064146683624
0.03429790821692895 59.25379910567628
0.035016451714486516 58.83279011008012
0.03575004874693087 58.40910144035317
0.036499014686836036 57.9827993568213
0.03726367151385324 57.55395206986779
0.03804434795312905 57.12262970720601
0.038841379616624226 56.68890427822058
0.03965510914739237 56.252849635458176
0.04048588636688269 55.814541433201484
0.041334068425327275 55.37405708326672
0.0422000199552799 54.931475707928605
0.04308411322837052 54.48687809013532
0.04398672831534539 54.040346620991244
0.0449082532494585 53.59196524466997
0.04584908419328691 53.14181940058773
0.04680962560903992 52.68999596323598
0.04779029043243805 52.236583179444295
0.048791500250232905 51.78167060344264
0.04981368548144706 51.32534902957555
0.050857285562410946 50.867710422830434
0.051922749135675204 50.40884784749775
0.05301053424288292 49.948855393741354
0.05412110852168035 49.487828102374465
0.05525494940675432 49.02586188808498
0.05641254433507998 48.5630534608737
0.05759439095547074 48.099500246355404
0.0588009973425161 47.635300304487146
0.06003288221500283 47.1705522473143
0.061290575158910655 46.70535515574933
0.06257461685508213 46.239808495405406
0.06388555931165978 45.77401203167672
0.06522396610139407 45.30806574450139
0.06659041260392302 44.84206974250398
0.06798548625312613 44.37612417699779
0.06940978678966327 43.9103291558985
0.0708639265188014 43.44478465775596
0.0723485305736446 42.979590445970615
0.07386423718387682 42.514845983356956
0.07541169795013801 42.0506503474233
0.07699157812414528 41.58710214613888
0.07860455689468455 41.12429943473476
0.08025132767959182 40.66233963336135
0.0819325984238546 40.201319446038156
0.08364909190395546 39.74133478072595
0.08540154603859355 39.28248067096442
0.08719071420591362 38.82485119897926
0.08901736556738458 38.368539420532045
0.09088228539845983 37.91363729154966
0.09278627542616659 37.46023559669576
0.09473015417376797 37.00842387995831
0.09671475731264365 36.55829037744482
0.09874093802154639 36.10992195237091
0.1008095673533812 35.66340403239699
0.10292153460967075 35.21882054940175
0.10507774772286355 34.776253881810725
0.10727913364665558 34.33578479942799
0.10952663875448504 33.89749241094113
0.11182122924637815 33.46145411421003
0.11416389156431568 33.02774554916223
0.11655563281630599 32.59644055363488
0.11899748120933791 32.16761112197811
0.12149048649140674 31.741327366560704
0.12403572040279781 31.31765748211856
0.12663427713682943 30.89666771306436
0.12928727381024346 30.478422323691856
0.13199585094345306 30.06298357128217
0.13476117295085177 29.650411682104803
0.13758442864139184 29.240764830364906
0.1404668317296551 28.834099119993613
0.14340962135762542 28.430468569281242
0.14641406262739573 28.029925098331343
0.14948144714503153 27.632518519372507
0.15261309357583464 27.23829652968416
0.15581034821123352 26.847304707328444
0.15907458554755377 26.459586509473976
0.1624072088769101 26.0751832733115
0.1658096508904839 25.694134219494977
0.16928337429443313 25.316476458049046
0.1728298724387086 24.94224499668006
0.17645066995904446 24.571472751335662
0.1801473234323944 24.204190559123646
0.18392142204610681 23.840427193283652
0.18777458828111182 23.480209380307713
0.19170847860942558 23.12356181905823
0.1957247842062627 22.770507201757898
0.19982523167707528 22.421066236858927
0.2040115837998157 22.075257673632827
0.2082856402827546 21.733098328410552
0.21264923853816997 21.394603112421375
0.217104254472254 21.059785061034788
0.22165260329155967 20.728655364446006
0.22629624032634763 20.401223399686998
0.2310371618711771 20.077496763741426
0.2358774060431161 19.757481307874336
0.24081905365792228 19.441181172925504
0.24586422912458405 19.128598825592245
0.251015101358603 18.81973509556886
0.25627388471440404 18.51458921337276
0.26164283993729026 18.21315884900507
0.26712427513533077 17.915440151072715
0.27272054677161583 17.621427786541908
0.2784340606772938 17.331114980890337
0.2842672730858415 17.044493558669224
0.2902226916889922 16.761553984294277
0.2963028767147918 16.48228540317264
0.3025104420282335 16.206675682903686
0.3088480562549625 15.93471145463116
0.3153184439285105 15.666378154365834
0.3219243866615724 15.401660064345045
0.32866872434181343 15.140540354259326
0.3355543563527413 14.883001122346132
0.34258424282014305 14.629023436276778
0.34976140588464144 14.378587373814495
0.35708893100091094 14.13167206314386
0.3645699682641059 13.888255722867937
0.37220773376409183 13.648315701639914
0.3800055109680328 13.411828517311028
0.38796665213195375 13.17876989568347
0.39609457974186546 12.949114808679905
0.4043927879850969 12.722837512066247
0.4128648442524364 12.499911582535688
0.4215143906717524 12.280309954213068
0.43034514567373333 12.064004954575873
0.43936090559044744 11.850968339703263
0.4485655462873747 11.64117132882728
0.45796302482964124 11.434584638282258
0.46755738118314943 11.231178514645604
0.47735273995136646 11.03092276728049
0.4873533121484792 10.833786800018256
0.49756339700970664 10.639739642216846
0.5079873838395386 10.448749978981104
0.5186297538986845 10.260786180666821
0.5294950823305754 10.07581633161679
0.5405880401282044 9.8938082580846
0.551913396142186 9.714729555456909
0.5634760191308714 9.538547614644992
0.5752808798534349 9.36522964768985
0.5873330532067899 9.194742712651047
0.5996377204072855 9.027053737664817
0.612200171218097 8.862129544278483
0.6250258062233033 8.699936869961563
0.6381201391495823 8.540442389926406
0.6514887992365622 8.383612738140268
0.6651375336568136 8.229414527628489
0.6790722099865695 8.077814369998617
0.6932988187281794 7.9287788942851884
0.7078234758854224 7.78227476503391
0.7226524255927731 7.6382686996991085
0.7377920427997371 7.496727485321206
0.7532488360114525 7.357617994546994
0.7690294500866773 7.220907200948394
0.7851406690944133 7.086562193680324
0.8015894192303568 6.954550191510897
0.8183827717944828 6.824838556168574
0.8355279462309756 6.6973948051317915
0.8530323132318671 6.5721866237281725
0.8709033979056756 6.449181876690971
0.8891488830124623 6.32834861913586
0.9077766122666281 6.20965510692482
0.9267945937089211 6.093069806483583
0.9462110031490889 5.978561404139102
0.9660341876806346 5.866098814855194
0.986272669269247 5.7556511904808225
1.006935148416368 5.647187927507319
1.028030507899538 5.540678674343779
1.0495678165910756 5.436093338106945
1.0715563333567997 5.333402090968017
1.0940055110363913 5.232575376049035
1.116925000507166 5.133583912903889
1.1403246548329589 5.036398702554414
1.1642145334999725 4.940991032173898
1.1886049067413214 4.847332479345982
1.2135062599522037 4.755394915948817
1.2389292981975413 4.665150511701373
1.2648849508141053 4.576571737353468
1.291384376109007 4.489631367523189
1.318438966156646 4.404302483231562
1.3460603516961573 4.320558474115995
1.374260407131431 4.23837304035205
1.4030512556359387 4.15772019428353
1.4324452743644505 4.078574261762733
1.4624550997739725 4.000909883269172
1.4930936330561222 3.9247020147107765
1.5243740456833723 3.849925928044176
1.5563097850714283 3.776557211627298
1.588914580360272 3.704571770357825
1.6222024483162762 3.6339458255901227
1.656187699358038 3.5646559148860164
1.6908849437083846 3.496678891516352
1.7263090976753082 3.42999192382779
1.76247539006444 3.364572494410224
1.7993993687259422 3.3003983990980528
1.8370969072384817 3.237447745829302
1.8755842117332726 3.1756989533330633
1.914877827861082 3.1151307496969376
1.9549946479051572 3.05572217077756
1.995951918043245 2.997452558513284
2.0377672457616756 2.940301559086411
2.080458607424817 2.8842491209931134
2.1240443560030613 2.829275493000749
2.1685432289627986 2.7753612220137955
2.2139743563215983 2.722487150824399
2.260357268872201 2.670634415804781
2.307711906578749 2.61978444450364
2.3560586271490105 2.569918953161329
2.405418214786099 2.521019944163194
2.4558118891235905 2.473069703431983
2.507261314347829 2.4260507977519565
2.5597886085112975 2.379946072037614
2.6134163530412065 2.3347386465562687
2.668167602447183 2.290411914105392
2.724065894232403 2.246949537144731
2.781135259012291 2.2043354448864245
2.8394002308453254 2.1625538303680494
2.8988858577801584 2.121589147473044
2.9596177126237673 2.0814261079409886
3.0216219039351295 2.0420496783488007
3.084925087249337 2.003445077074399
3.149554476536731 1.9655977712386736
3.2155378559021885 1.9284934736423796
3.282903591529421 1.892118139683185
3.3516806438756492 1.8564579642722585
3.4218985801216184 1.8214993787416247
3.4935875868825104 1.787229047746444
3.566778483185152 1.7536338661728321
3.6415027337170236 1.7207009560442905
3.717792462352981 1.688417663428143
3.7956804659652166 1.6567715553539661
3.8752002285226292 1.625750416736639
3.956385935485486 1.595342247307697
4.039272488501805 1.5655352585628426
4.123895520411476 1.5363178707156824
4.210291410564813 1.5076787096696973
4.298497300461929 1.4796066040068265
4.388551109719929 1.452090581990589
4.480491552374442 1.4251198685892814
4.574358153522784 1.398683882517175
4.670191266315677 1.3727722332994814
4.7680320893051364 1.3473747183553175
4.867922684155612 1.3224813201058219
4.969905993726268 1.29808220310558
5.074025860532094 1.2741677111973555
5.1803270455916754 1.2507283646952028
5.288855247670024 1.2277548575878907
5.399657122924351 1.2052380547748591
5.512780304961541 1.1831689893266395
5.6282734253156965 1.161538859773425
5.746186134354917 1.14033902741995
5.866569122625854 1.1195610136947511
5.989474142645559 1.099196497523197
6.114954031149748 1.0792373127308632
6.243062731807398 1.0596754454805979
6.373855318410974 1.0405030317348554
6.507388018552649 1.0217123547519524
6.643718237796373 1.00329584261186
6.782904584356626 0.9852460657725725
6.925006894293919 0.967555734657629
7.07008625723828 0.950217697275825
7.218205042651649 0.9332249368704613
7.3694269266403225 0.9165705696007854
7.5238169193294215 0.9002478422556222
7.681441392810559 0.8842501299963118
7.842368109675186 0.8685709341333385
8.006666252145534 0.8532038799318049
8.17440645181617 0.8381427144505956
8.34566082001831 0.8233813044108496
8.520502978820474 0.8089136340962756
8.699008092678392 0.7947338032847939
8.881252900748336 0.7808360252102348
9.067315749877052 0.7672146245547852
9.25727662828307 0.7538640354727616
9.451217199943391 0.7407787996435159
9.649220839700979 0.7279535643556093
9.851372669107354 0.7153830806201773
10.057759593016304 0.7030622013139484
10.268470336944223 0.6909858793522589
10.48359548521295 0.6791491658909738
10.703227519892122 0.6675472085570772
10.927460860556954 0.6561752497086851
11.156391904879186 0.645028624722865
11.390119070068172 0.6341027603116666
11.628742835180596 0.6233931728663611
11.872365784316132 0.612895466828854
12.121092650718333 0.6026053330905006
12.375030361799139 0.5925185474180343
12.634288085107155 0.5826309689056016
12.898977275258463 0.5729385384538525
13.169211721850894 0.5634372772741831
13.44510759838211 0.5541232854192586
13.726783512192236 0.5449927403383681
14.01436055545337 0.5360418954582241
14.30796235722675 0.52726707878773
14.607715136610867 0.518664691547815
14.91374775700269 0.5102312068243731
15.22619178149625 0.5019631682453456
15.545181529441244 0.4938571886806786
15.870854134186887 0.48590994896544115
16.203349602035154 0.47811819664495364
16.5428108724297 0.4704787447426745
16.889383879405152 0.46298847054917214
17.24321761432408 0.4556443144332505
17.604464189927988 0.44844327867326567
17.973278905730808 0.4413824263098742
18.349820314781727 0.4344588800189445
18.73425029182704 0.42766982100388085
19.126734102900002 0.42101248790836904
19.52744047636822 0.4144841757477566
19.936541675470245 0.40808223485954254
20.35421357237106 0.4018040698725155
20.78063572376947 0.39564713869384743
21.215991448089035 0.3896089515140863
21.660467904286936 0.38368706982974377
22.114256172313077 0.37787910548282927
22.577551335255347 0.3721827197173308
23.050552563205237 0.36659562225200737
23.533463198881403 0.36111557036943553
24.02649084504614 0.35574036802067577
24.52984745375374 0.35046786494560134
25.043749417468074 0.3452959558080247
25.56841766209008 0.3402225793460544
26.104077741933164 0.3352457175365132
26.650959936688857 0.33036339477386634
27.209299350423912 0.3255736770629363
27.779336012650862 0.3208746712249883
28.361314981517097 0.3162645241174593
28.955486449154662 0.311741421866371
29.56210584923782 0.3073035891116588
30.181433966793218 0.30294928826485334
30.813737050311826 0.2986768187789059
31.459286926208392 0.29448451642998436
32.118361115679576 0.29037075261098017
32.791242954009476 0.28633393363624354
33.478221712375976 0.2823725000576832
34.17959272220756 0.27848492599163993
34.89565750214612 0.27466971845659854
35.626723887669655 0.27092541672134896
36.373106163429796 0.26725059166330806
37.13512519836335 0.2636438451371679
37.913108583632884 0.26010380935314187
38.707390773458165 0.256629146265156
39.51831322889701 0.25321854696837753
40.346224564639975 0.24987073110614091
41.191480698878806 0.2465844462861182
42.05444500631561 0.24335846750540924
42.9354884743766 0.2401915965845497
43.83498986270015 0.23708266161022906
44.75333586596452 0.2340305163866341
45.69092128012785 0.23103403989525453
46.64814917214973 0.22809213576297763
47.62543105327038 0.2252037317385198
48.623187055918166 0.22236777917686898
49.64184611432426 0.21958325253185482
50.68184614892118 0.21684914885658227
51.74363425460354 0.21416448731176538
52.82766689293485 0.21152830868176256
53.934410088379046 0.20893967489836018
55.06433962864434 0.20639766857213565
56.217941269222955 0.2039013925313846
57.3957109422182 0.20144996936854434
58.5981549695443 0.1990425409940127
59.82579028059404 0.19667826819740833
61.07914463446527 0.1943563302161005
62.35875684684535 0.19207592431107234
63.66517702164651 0.18983626534998468
64.9989667874954 0.1876365853974476
66.36069953917566 0.18547613331251742
67.75096068413116 0.18335417435321766
69.1703478941311 0.1812699897882404
70.61947136220869 0.17922287651567173
72.09895406498272 0.17721214668875132
73.60943203047347 0.17523712734862718
75.1515546115321 0.17329716006409457
76.72598476499567 0.171391600578252
78.33339933669215 0.16951981846208763
79.97448935241441 0.1676811967749069
81.64996031499342 0.1658751317316347
83.36053250759186 0.16410103237692644
85.10694130335374 0.16235832026601643
86.88993748153915 0.16064642915236094
88.71028755028554 0.15896480468192647
90.5687740761273 0.15731290409419887
92.46619602042108 0.155690195929744
94.40336908281684 0.15409615974439345
96.38112605192856 0.1525302858299441
98.40031716334762 0.15099207494132974
100.46181046515858 0.1494810380302122
102.56649219111249 0.14799669598496748
104.71526714161622 0.1465385793769579
106.90905907270762 0.14510622821307662
109.14881109317561 0.1436991916944628
111.43548607000248 0.14231702798135554
113.77006704229763 0.14095930396398726
116.1535576439076 0.1396255950394605
118.58698253487552 0.13831548489453713
121.07138784194223 0.13702856529423166
123.60784160827303 0.13576443587617706
126.19743425261137 0.13452270395062557
128.84127903804657 0.13330298430604154
131.54051255060557 0.13210489902016676
134.29629518786783 0.1309280772764961
137.10981165782223 0.1297721551860309
139.98227148816966 0.12863677561425224
142.91490954629813 0.1275215880132026
145.90898657015157 0.1264262482585632
148.96578971021736 0.12535041849164466
152.0866330828745 0.12429376696617883
155.27285833532835 0.12325596789980663
158.5258352223847 0.12223670133016867
161.84696219530323 0.12123565297547235
165.2376670029941 0.12025251409944043
168.69940730580302 0.11928698138054047
172.2336713021593 0.1183387567853654
175.84197836834795 0.11740754744608463
179.525879711692 0.11649306554182445
183.28695903741215 0.11559502818390203
187.12683322946063 0.11471315730478213
191.04715304561864 0.11384717955064977
195.04960382715225 0.11299682617750754
199.13590622334337 0.11216183295067918
203.30781693119206 0.11134194004760059
207.56712945062017 0.11053689196382678
211.91567485549174 0.1097464374221151
216.3553225807947 0.10897032928450345
220.88798122630553 0.10820832446728128
225.51559937709618 0.10746018385874243
230.24016644122483 0.10672567223962906
235.0637135049859 0.10600455820617082
239.98831420606817 0.10529661409562437
245.01608562501121 0.10460161591421042
250.14918919533224 0.10391934326737559
255.3898316327298 0.10324957929227353
260.74026588374466 0.10259211059238596
266.2027920943 0.10194672717419583
271.7797585985329 0.1013132223858343
277.4735629283361 0.10069139285761888
283.28665284406094 0.10008103844439843
289.2215273868028 0.09948196216963945
295.28073795273815 0.09889397017117098
301.46688938996243 0.09831687164852716
307.7826411183184 0.09775047881180367
314.23070827267344 0.09719460683197279
320.8138628701552 0.09664907379259093
327.5349350018339 0.09611370064283328
334.39681404938307 0.09558831115179241
341.4024499272164 0.0950727318639958
348.5548543506556 0.09456679205607271
355.85710213065784 0.09407032369452317
363.3123324956821 0.09358316139454058
370.9237504412346 0.09310514237983361
378.69462810769426 0.09263610644340427
386.6283061870038 0.09217589590923449
394.7281953588235 0.09172435559484354
402.9977777567879 0.09128133277466652
411.44060846546546 0.09084667714422441
420.0603170486882 0.09042024078504513
428.86060910989113 0.09000187813029374
437.8452678851569 0.08959144593109172
447.0181558696184 0.089188803223482
456.38321647794476 0.08879381129601457
465.94447573960355 0.08840633365792226
475.7060440296578 0.08802623600786574
485.67211783580404 0.08765338620320914
495.8469815624403 0.0872876542298187
506.2350093725285 0.08692891217234948
516.8406670680343 0.08657703418500307
527.668514009783 0.0862318964627379
538.7232050775157 0.08589337721291114
550.0094926710207 0.08556135662733452
561.5322287531772 0.0852357168547298
573.2963669358215 0.08491634197356518
585.3069646092908 0.08460311796525963
597.5691851165947 0.08429593268774696
610.0882999731201 0.0839946758493744
622.8696911328663 0.08369923898313807
635.9188533021295 0.08340951542123505
649.2413963016779 0.08312540026992755
662.8430474783962 0.08284679038470513
676.7296541674816 0.08257358434574152
690.9071862061969 0.08230568243363162
705.3817385002993 0.08204298660541005
720.1595336442367 0.08178540047083466
735.2469245962233 0.08153282926893779
750.650397409386 0.08128517984483229
766.3765740201011 0.08104236062677307
782.4322150947627 0.0808042816034635
798.8242229361741 0.0805708543016089
815.5596444508585 0.08034199176370707
832.6456741785047 0.08011760852607556
850.0896573848979 0.07989762059711167
867.8990932196281 0.07968194543578247
886.0816379399869 0.079470501930341
904.6451082023709 0.07926321037726841
923.5974844226607 0.07905999246043523
942.9469142069782 0.07886077123048713
962.7017158543559 0.07866547108444615
982.8703819327504 0.07847401774552806
1003.4615829299913 0.0782863382431783
1024.484170981219 0.07810236089331785
1045.9471836743915 0.0779220152788044
1067.8598479355585 0.07774523223010459
1090.2315839954906 0.07757194380617476
1113.0720094394349 0.07740208327555409
1136.390943341686 0.07723558509766362
1160.1984104868236 0.07707238490431567
1184.5046456793375 0.07691241948142771
1209.3200981435696 0.07675562675094391
1234.655436015803 0.0766019457529638
1260.5215509305128 0.07645131662807152
1286.9295627026488 0.07630368059987458
1313.8908241080414 0.07615897995774214
1341.416925763926 0.0760171580397491
1369.5197011117702 0.07587815921582103
1398.211231504435 0.07574192887108078
1427.5038513999418 0.07560841338939873
1457.4101536640471 0.07547756013713912
1487.9429949838798 0.07534931744711061
1519.1155013950518 0.07522363460271277
1550.9410739245025 0.0751004618222835
1583.4333943515999 0.07497975024364083
1616.6064310898948 0.07486145190882573
1650.4744451921672 0.07474551974903731
1685.0519964812106 0.07463190756976487
1720.3539498090988 0.07452057003611488
1756.3954814475403 0.07441146265833
1793.1920856121844 0.0743045417775012
1830.759581123539 0.07419976455147233
1869.1141182074798 0.0740970889409335
1908.2721854381841 0.0739964736957051
1948.2506168265973 0.07389787834121014
1989.066599057324 0.0738012631651334
2030.7376788771758 0.07370658920426718
2073.281770638504 0.07361381823154198
2116.717164000529 0.07352291274324028
2161.0625317920944 0.07343383594639379
2206.336938039064 0.0733465517463607
2252.5598461599407 0.07326102473458407
2299.7511273331347 0.07317722017652803
2347.931069039617 0.07309510399979105
2397.120383784447 0.0730146427823951
2447.3402180010767 0.07293580374124908
2498.6121611421404 0.07285855472078588
2550.9582549607944 0.0727828641817687
2604.401002986406 0.07270870119026983
2658.9633801988043 0.07263603540681597
2714.668842905212 0.07256483707570056
2771.5413388240413 0.07249507701446194
2829.6053173800588 0.07242672660352448
2888.8857402151225 0.07235975777600198
2949.4080919191892 0.072294143007661
3011.198390986063 0.0722298553070435
3074.283200998788 0.07216686820574626
3138.6896420492603 0.07210515574885487
3204.4454023971484 0.0720446924855329
3271.5787503729944 0.07198545345976186
3340.118546530817 0.07192741420123146
3410.0942560551825 0.0718705507163796
3481.5359614282793 0.07181483947957755
3554.474375362292 0.07176025742446117
3628.9408540028444 0.07170678193540597
3704.9674104089204 0.0716543908391426
3782.5867283152534 0.07160306239651287
3861.832176183047 0.0715527752943645
3942.7378215449785 0.07150350863758112
4025.338445650885 0.07145524194124764
4109.669558420127 0.07140795512294938
4195.767413707294 0.07136162849520016
4283.669024887628 0.07131624275800218
4373.4121807691445 0.07127177899153303
4465.03546183792 0.07122821864895712
4558.578256843845 0.0711855435493645
4654.080779733731 0.07114373587082905
4751.58408693935 0.07110277814358969
4851.130095027478 0.07106265324335047
4952.761598719823 0.07102334438469728
5056.522289290346 0.07098483511463119
5162.4567733482145 0.07094710930621577
5270.610592014055 0.07091015115233687
5381.030240498054 0.0708739451595732
5493.763188088217 0.07083847614217605
5608.85789855728 0.07080372921615695
5726.3638509973625 0.0707696897934807
5846.331561090888 0.07073634357636358
5968.81260282727 0.07070367655167328
6093.8596306744175 0.07067167498543091
6221.526402214975 0.07064032541741234
6351.867801256557 0.07060961465584757
6484.939861426289 0.07057952977221632
6620.799790259493 0.07055005809613947
6759.505993793309 0.07052118721036313
6901.118101675277 0.07049290494583539
7045.696992798091 0.07046519937687308
7193.30482147139 0.070438058816418
7344.005044141722 0.07041147181138077
7497.862446672567 0.07038542713807042
7654.943172195602 0.0703599137977095
7815.314749545617 0.07033492101203179
7979.046122290966 0.07031043821896278
8146.207678372519 0.07028645506838045
8316.871280363235 0.06966970427726239
8491.11029636188 0.06892297422599751
8668.99963153374 0.06817729127970727
8850.61576031249 0.06743279181118082
9036.03675927633 0.06668961214301283
9225.342340713094 0.06594788841152681
9418.61388688832 0.06520775643172991
9615.93448503164 0.06446935156352845
9817.388963055715 0.06373280857943232
10023.063926023768 0.06299826153396938
10233.047793380785 0.06226584363502828
10447.430836965403 0.06153568711733848
10666.305219817126 0.06080792311829853
10889.765035797376 0.0600826815563463
11117.906350040597 0.05936009101206418
11350.827240251941 0.058640278612206276
11588.627838871489 0.05792336991681646
11831.410376120433 0.05720948880961078
12079.27922395001 0.05649875739177539
12332.340940911197 0.05579129587932994
12590.704317963524 0.0550872225041966
12854.480425244477 0.054386653419096966
13123.782659818751 0.053689702606395204
13398.726794426795 0.052996481790998376
13679.431027256238 0.05230710035739886
13966.016032754404 0.05162166527095447
14258.605013506449 0.05094028100346971
14557.323753200371 0.05026304946314482
14862.300670700473 0.049590069928944255
15173.66687525543 0.04892143898941861
15491.556222861187 0.04825725048601682
15816.105373805847 0.04759759546089882
16147.453851420187 0.04694256210925967
16485.744102057815 0.04629223573616371
16831.12155633307 0.04564669871787042
17183.734691641923 0.04500603046763166
17543.735095991273 0.044370307405928885
17911.277533167584 0.04373960293510286
18286.520009268697 0.04311398741833083
18669.623840630877 0.04249352816288642
19060.753723179 0.04187828940761561
19460.077803228105 0.0412683323145565
19867.767749770526 0.04066371496461315
20283.998828275136 0.04006449235720056
20708.94997603422 0.03947071641375979
21142.80387908894 0.038882435985041125
21585.747050764898 0.038299696862052035
22037.969911854452 0.0377225417905515
22499.666872478992 0.037151010488975164
22971.036415664374 0.03658513966967353
23452.281182670024 0.0360249630633318
23943.608060102884 0.035470511446450206
24445.228268858315 0.03492181267174801
24957.357454924313 0.0343788917013612
25480.215782086318 0.03384177064270077
26014.028026575947 0.03331046878683197
26559.023673702734 0.032785002649238656
27115.43701650809 0.0322653860128388
27683.507256489396 0.03175162997310665
28263.478606430905 0.031243742985172192
28855.600395391208 0.030741730912754835
29460.127175890262 0.030245597078798207
30077.318833339577 0.029755342317673416
30707.440697768583 0.029270965028813285
31350.763657888056 0.028792461231651908
32007.56427754556 0.02831982462173674
32678.124914620767 0.027853046627887575
33362.733842409245 0.02739211647028123
34061.6853735516 0.026937021219337557
34775.27998655898 0.02648774585528977
35503.82445498657 0.026044273328326806
36247.63197931743 0.02560658461919176
37007.02232160507 0.0251746588001341
37782.32194293961 0.024748473096105523
38573.864143794046 0.02432800294610303
39381.98920730757 0.023913222064561826
40207.044545575445 0.023504102502702483
41049.38484899887 0.023100614709747596
41909.372238766904 0.022702727593919083
42787.376422533074 0.022310408583135877
43683.77485335021 0.021923623685338484
44598.95289193813 0.02154233754836175
45533.30397235087 0.021166513519289887
46487.22977111109 0.020796113703229983
47461.14037989322 0.02043109902143865
48455.45448181893 0.020071429268748463
49470.59953144955 0.0197170631702382
50507.01193854963 0.01936795843709756
51565.137255696565 0.01902407182164193
52645.430369824404 0.018685359171431746
53748.355697780506 0.018351775482459812
54874.38738597487 0.01802327495137114
56024.00951421863 0.017699811026680914
57197.7163038264 0.01738133645896433
58396.01233008268 0.01706780334999101
59619.412739159816 0.01675916320078089
60868.44346957535 0.0164553669585642
62143.641478296326 0.016156365062625
63445.55497157308 0.015862107489017802
64774.74364061396 0.015572543794142246
66131.77890219758 0.015287623157169226
67517.24414432111 0.015007294421310626
68931.73497699975 0.01473150613392878
70375.85948832045 0.014460206585481144
71850.23850585448 0.014193343847304783
73355.50586355501 0.01393086580823622
74892.30867423772 0.013672720210075356
76461.30760777548 0.013418854681895818
78063.17717512154 0.013169216773208953
79698.60601827678 0.012923753985991363
81368.29720634116 0.012682413805583655
83072.96853775786 0.012445143730473354
84813.35284889597 0.01221189130097329
86590.19832909823 0.011982604126808814
88404.26884232259 0.011757229913629715
90256.34425552857 0.011535716488460645
92147.22077394347 0.011318011824107256
94077.711283345 0.01110406406253574
96048.6456995259 0.010893821537241935
98060.87132506869 0.01068723279463099
100115.2532136022 0.010484246614424365
102212.6745416898 0.010284812029114309
104354.03698850029 0.010088878342487825
106540.26112344545 0.009896395147236997
108772.28680192595 0.009707312341679483
111051.07356937662 0.009521580145609302
113377.60107377681 0.009339149115296574
115752.8694867946 0.009159970157662675
118177.8999337621 0.008983994543647053
120653.73493265914 0.008811173920789886
123181.43884228381 0.008641460325052384
125762.09831982706 0.008474806191894285
128396.82278801846 0.008311164366632092
131086.74491206877 0.008150488114097501
133833.0210866047 0.007992731127618953
136636.83193279558 0.007837847537345883
139499.38280590385 0.00768579191793761
142421.90431346977 0.007536519295636791
145405.65284434016 0.007389985154748432
148451.91110879797 0.007246145443543912
151561.9886899897 0.00710495657961132
154737.22260691735 0.006966375454669621
157978.97788922524 0.006830359438867584
161288.648164016 0.006696866384586303
164667.65625497952 0.0065658546297632115
168117.45479405433 0.006437283000756245
171639.5268459163 0.0063111108147664565
175235.38654555075 0.006187297881835863
178906.57974916915 0.006065804506439134
182654.68469877518 0.005946591488683761
186481.31270065368 0.005829620125137568
190388.10881805918 0.005714852209297869
194376.75257843878 0.005602250031718908
198448.95869544867 0.0054917763798119105
202606.47780611194 0.005383394537334436
206851.09722342077 0.0052770682835807815
211184.64170468875 0.0051727618922906005
215608.97423602545 0.005070440130286961
220125.99683322036 0.004970068255858807
224737.65135942222 0.0048716120168994384
229445.92035994976 0.00477503764881483
234252.82791457465 0.004680311872213496
239160.44050767663 0.004587401890389034
244170.86791662886 0.004496275386607739
249286.26411877535 0.004406900521211991
254508.82821743918 0.0043192459285500695
259840.8053873008 0.00423328071374264
265284.4878396019 0.004148974449296092
270842.2158075713 0.004066297171572657
276516.37855247356 0.003985219377125832
282309.4153907673 0.0039057120189109847
288223.8167427492 0.0038277465023793295
294262.12520318944 0.0037512946814635263
300426.93663439795 0.003676328854463208
306720.9012821685 0.0036028217598381524
313146.72491512325 0.0035307465719165176
319707.1699879279 0.0034600768965250255
326405.05682884966 0.0033907867665480466
333243.2648522346 0.0033228506374227964
340224.7337963462 0.0032562433825761095
347352.4649871628 0.0031909402888090454
354629.522628654 0.0031269170516355803
362059.03512006137 0.0030641497705805065
369644.1964008017 0.0030026149444420122
377388.26732354803 0.002942289466523892
385294.5770560452 0.0028831506198425203
393366.5245123399 0.002825176072312754
401607.57981394883 0.0027683438719181414
410021.28578166885 0.0027126324418678418
418611.2594586423 0.0026580205757466683
427381.19366529654 0.002604487432660086
436334.8585869105 0.0025520125323784545
445476.1033943893 0.0025005757504847886
454808.8578990289 0.0024501573135276185
464337.13424194866 0.0024007377941837084
474065.0286188848 0.0023522981064326635
483996.7230411511 0.0023048195007465497
494136.4871334932 0.002258283559296359
504488.67996956786 0.0022126721911797987
515057.7519459365 0.002167967627670153
525848.2466952569 0.0021241524174904635
536864.8030395984 0.002081209422113968
548112.1569846795 0.0020391218110936077
559595.1437558413 0.0019978730574214203
571318.699876741 0.001957446932920416
583287.8652915267 0.0019178275036700809
595507.7855315169 0.0018789991254672398
607983.7139272743 0.001840946439323334
620721.0138669774 0.001803654366999762
633725.1611021496 0.0017671081065826235
647001.7461016951 0.0017312931280968748
660556.4764551983 0.001696195169162707
674395.1793266534 0.0016618002306934487
688523.803959518 0.0016280945726366187
702948.4242343026 0.0015950647097591239
717675.2412797424 0.0015626974074763418
732710.5861386159 0.0015309796777270913
748060.9224894997 0.0014998987748936728
763732.8494254563 0.0014694421917685007
779733.1042909935 0.0014395976555672421
796068.5655784617 0.001410353123989055
812746.2558850724 0.0013816967813243737
829773.3449319232 0.0013536170346097945
847157.1526462741 0.0013261025098315806
864905.1523083289 0.0012991420481766023
883024.9737640456 0.0012727247023318143
901524.4067051499 0.001246839732832097
920411.4040179354 0.001221476604455788
939694.0852022246 0.0011966249826695402
959380.7398618876 0.001172274730120585
979479.8312685564 0.0011484159031780652
1000000.0 0.0011250387485216967
